assets/map_1.png
0 1 4
0 1 5
0 1 6
0 1 7
0 1 8
0 1 9
0 1 15
0 1 16
0 1 17
0 1 18
0 1 19
0 1 20
0 1 21
0 1 22
0 1 23
0 2 3
0 2 10
0 2 24
0 3 2
0 3 7
0 3 10
0 3 14
0 3 24
0 4 2
0 4 11
0 4 15
0 4 23
0 5 2
0 5 5
0 5 11
0 5 12
0 5 13
0 5 14
0 5 15
0 5 16
0 5 22
0 6 2
0 6 8
0 6 16
0 6 17
0 6 21
0 7 1
0 7 11
0 7 12
0 7 13
0 7 14
0 7 16
0 7 18
0 7 20
0 8 1
0 8 3
0 8 6
0 8 7
0 8 8
0 8 9
0 8 10
0 8 11
0 8 12
0 8 13
0 8 14
0 8 16
0 8 17
0 8 18
0 8 20
0 8 21
0 8 22
0 9 1
0 10 2
0 10 3
0 10 8
0 10 9
0 10 10
0 10 11
0 10 12
0 10 14
0 10 15
0 10 16
0 10 17
0 10 18
0 10 19
0 10 20
0 10 21
0 10 22
0 11 4
0 11 5
0 11 6
0 11 7
0 11 12
0 11 22
0 12 12
0 12 23
0 13 7
0 13 8
0 13 8
0 13 9
0 13 10
0 13 11
0 13 12
0 13 14
0 13 15
0 13 24
0 14 6
0 14 13
0 14 16
0 14 17
0 14 18
0 14 19
0 14 20
0 14 24
0 15 5
0 15 13
0 15 15
0 15 16
0 15 17
0 15 18
0 15 19
0 15 20
0 16 3
0 16 4
0 16 5
0 16 13
0 16 14
0 16 20
0 16 24
0 17 2
0 17 24
0 18 3
0 18 4
0 18 5
0 18 24
0 19 7
0 19 8
0 19 9
0 19 10
0 19 11
0 19 12
0 19 13
0 19 14
0 19 15
0 19 16
0 19 17
0 19 18
0 19 19
0 19 20
0 19 21
0 19 22
0 19 23
4 17 3